0. ZAB (Albuquerque)
   36.7167  254.6583
   36.7167  255.0000
   37.3083  256.8500
   37.5000  257.4417
   37.5000  257.4500
   37.0417  257.8167
   36.5000  258.2500
   35.8292  260.0000
   35.3333  260.0000
   34.8667  259.6833
   34.4667  259.2500
   34.6000  258.0000
   34.5500  257.6750
   34.3167  257.2000
   33.7750  256.6333
   33.6375  256.5125
   33.4028  256.3083
   33.3833  256.2000
   33.0000  256.2000
   32.4667  256.0667
   32.0333  256.2000
   31.6500  256.6667
   31.2833  257.8500
   29.8083  257.8500
   29.2514  257.8500
   28.9500  256.8500
   28.9500  256.7000
   28.9500  256.6833
   29.4333  255.4833
   30.6333  255.0000
   31.0000  254.2000
   31.5333  253.5500
   31.8167  251.8000
   31.3333  251.8000
   31.3333  249.2500
   31.3333  248.9167
   32.1000  246.5000
   32.7375  246.3153
   32.6833  246.0000
   32.9444  246.0000
   33.7667  246.0000
   33.9444  246.0000
   34.6667  246.0000
   34.9167  246.3833
   35.3833  247.3333
   35.4000  248.0000
   35.4333  248.0000
   35.7667  248.1583
   35.7417  248.6333
   35.7000  249.7667
   35.8500  250.6833
   36.0333  251.7833
   36.2000  252.5333
   36.6250  253.6500
   36.7167  253.9167
   36.7167  254.6583
1. ZTL (Atlanta)
   36.3958  275.4167
   36.6500  276.4417
   36.7389  276.7778
   37.3042  279.2542
   37.3319  279.3667
   37.2556  279.4189
   36.6847  279.7406
   36.6667  279.7500
   36.2000  280.0267
   36.1542  280.0500
   36.0889  280.2556
   35.3833  280.1958
   35.1083  280.0000
   34.8556  279.8528
   34.7475  279.5311
   34.3944  278.6667
   34.2500  278.3208
   34.0389  278.2222
   33.8889  278.1500
   32.9042  278.1583
   32.6778  278.1000
   32.5625  278.0667
   32.1667  277.6667
   31.9139  277.2583
   31.6833  276.8875
   31.6833  276.6583
   31.6833  275.9000
   31.6750  275.8375
   31.6278  275.4625
   31.5333  274.6917
   31.7625  274.4167
   31.7069  274.1083
   31.4917  273.0500
   31.2806  272.6000
   31.5208  272.1833
   31.5167  271.6750
   32.3306  271.6528
   32.6278  272.0542
   32.6972  272.1500
   33.0431  272.0139
   33.1833  272.1917
   33.3167  272.3667
   33.8903  272.4333
   34.0167  272.4500
   34.1000  272.7500
   34.3667  273.0000
   35.3333  273.0000
   35.5167  274.0000
   35.6500  274.7167
   36.1833  274.6000
   36.3958  275.4167
2. ZBW (Boston)
   45.0167  288.5167
   45.2833  288.6667
   45.3167  289.0000
   45.5250  289.2750
   45.6861  289.4972
   45.9083  289.7500
   46.3083  289.7917
   46.4181  289.9408
   46.6917  290.0000
   47.4500  290.7833
   47.3931  291.0000
   47.2875  291.4333
   47.4083  291.6056
   47.4583  291.7278
   47.4889  291.8000
   47.5167  291.9333
   47.5250  292.0000
   47.5333  292.2500
   47.4722  292.4722
   47.3861  292.6667
   47.2694  292.8250
   47.1333  292.9167
   46.9806  292.9583
   46.8278  292.9417
   46.6917  292.8667
   46.5694  292.7444
   46.5361  292.7000
   46.2000  292.7833
   46.1431  292.7833
   45.8250  292.4167
   45.7842  292.1978
   45.6250  292.2417
   45.2500  292.6667
   44.9333  293.0000
   43.8000  293.0000
   41.8667  293.0006
   41.6167  293.0000
   41.0000  291.0000
   40.9250  290.6583
   40.5767  289.1206
   40.4478  288.6889
   40.4414  288.6647
   40.3897  288.4889
   40.0722  287.5000
   40.1986  287.2181
   39.9944  286.9917
   39.7333  286.8500
   39.6833  286.8333
   39.7333  286.7167
   39.9333  286.2708
   40.2153  286.2861
   40.3319  286.3639
   40.5889  286.5583
   40.8014  286.7083
   40.8583  286.6222
   40.8514  286.2458
   40.8506  286.1319
   40.9681  286.1222
   41.0000  286.1375
   41.2583  286.1042
   41.3111  285.9500
   41.3333  285.9417
   41.4944  285.6556
   41.5278  285.5667
   41.6250  285.3417
   41.7333  285.2333
   41.7583  285.2000
   41.8014  285.0917
   41.9889  284.6583
   42.2833  283.9833
   42.3119  283.9472
   42.3667  283.7667
   42.6083  283.1972
   42.7917  283.3167
   42.8833  283.3333
   43.0167  283.2667
   43.0667  283.2361
   43.3292  283.2250
   43.6333  283.2083
   44.0894  283.5708
   44.2222  283.8167
   44.2950  283.8392
   44.3875  284.0314
   44.5333  284.2500
   44.8133  285.2303
   44.8333  285.3167
   44.9764  285.8056
   45.0000  286.6000
   45.0167  288.5167
3. ZAU (Chicago)
   43.5667  273.0000
   43.5667  273.7833
   43.5667  273.9333
   43.4500  274.2583
   43.4708  274.5750
   43.3417  275.0000
   43.0833  275.0000
   42.9667  275.0000
   42.1667  275.0000
   41.8500  275.0000
   41.8583  275.2333
   41.8000  275.2333
   41.5833  275.2500
   41.2833  275.2833
   40.9083  275.3000
   40.7750  275.3167
   40.6667  275.3167
   40.4833  274.8083
   40.4667  274.7667
   40.3542  274.4750
   40.0000  273.9000
   40.0000  273.6833
   40.0000  272.7972
   40.0000  272.0000
   40.0000  271.7500
   40.0000  271.3333
   40.0000  270.2500
   40.3389  269.4319
   40.7833  268.3500
   40.7639  268.2583
   40.5250  266.5083
   40.9167  266.4500
   41.1667  266.4000
   41.4333  266.4917
   41.6667  266.5333
   42.6667  266.9500
   42.7833  267.0000
   42.7250  268.2750
   43.3667  268.9167
   43.5958  269.1458
   44.1542  269.7083
   44.1542  270.4125
   44.3417  271.7917
   44.3333  271.9500
   43.9667  272.4583
   43.5667  273.0000
4. ZOB (Cleveland)
   42.8056  279.6139
   42.8250  279.9514
   42.8889  280.5319
   42.9500  280.9500
   43.1931  280.9756
   43.4333  281.2500
   43.6000  281.2500
   43.6333  281.3222
   43.6333  283.2083
   43.3292  283.2250
   43.0667  283.2361
   43.0167  283.2667
   42.8792  283.3250
   42.7917  283.3167
   42.6083  283.1972
   42.3667  283.7667
   42.3333  283.5833
   42.3028  282.9583
   42.1750  282.7639
   41.8750  282.5833
   41.6778  282.4583
   41.5556  282.3667
   41.3083  282.1917
   41.1194  282.0500
   40.8583  281.8722
   40.6083  282.0667
   40.5500  282.1208
   40.5167  282.1278
   40.4500  282.1250
   40.1569  282.1417
   39.8550  282.1650
   39.7889  282.1625
   39.7722  281.8000
   39.6717  281.4417
   39.6389  281.3472
   39.5333  280.9861
   39.3708  280.4569
   39.1736  280.1056
   39.1667  279.6000
   39.1667  279.5000
   39.7500  278.4500
   40.2167  278.3667
   40.6000  278.2167
   40.5542  277.4083
   40.5708  276.9333
   40.7056  276.5444
   40.7375  276.3500
   40.7833  276.2542
   40.9083  275.3000
   41.2833  275.2833
   41.5833  275.2500
   41.8000  275.2333
   41.8583  275.2333
   41.8500  275.0000
   42.1667  275.0000
   42.9667  275.0000
   43.0833  275.0000
   43.3333  275.0000
   43.5000  275.0000
   43.9167  276.3333
   43.9167  277.8144
   43.5792  277.9000
   43.1333  277.6444
   42.8708  277.5333
   42.7417  278.7792
   42.7792  279.1042
   42.8056  279.6139
5. ZDV (Denver)
   42.4833  252.9333
   43.8833  252.7167
   44.3167  253.7333
   45.2375  254.0000
   45.1167  255.7500
   44.9583  256.8333
   44.7000  258.5167
   43.7083  258.5917
   43.2889  259.9000
   42.0000  260.9833
   41.7167  260.9750
   40.8833  260.9528
   39.9833  260.9417
   39.4667  261.2000
   39.1167  260.5000
   38.4083  259.1250
   38.2583  258.8417
   37.5000  257.4417
   37.3083  256.8500
   36.7167  255.0000
   36.7167  254.6583
   36.7167  253.9167
   36.6250  253.6500
   36.2000  252.5333
   36.0333  251.7833
   35.8500  250.6833
   35.7000  249.7667
   35.7417  248.6333
   35.7667  248.1583
   36.4208  248.4958
   36.7333  248.3917
   37.4125  248.1208
   37.8333  249.1167
   38.1292  249.8431
   38.2000  250.0167
   38.9333  250.0167
   39.2167  250.0167
   39.5833  249.7000
   39.7639  250.1833
   40.0000  250.8333
   40.2333  250.8500
   40.8500  250.9000
   41.3667  251.7250
   42.4167  252.9500
   42.4833  252.9333
6. ZFW (Fort Worth)
   35.4958  263.0500
   35.6500  263.5958
   35.8708  263.9500
   36.0167  264.3875
   35.6542  265.0000
   35.3833  265.0000
   35.0667  265.0000
   34.9333  265.0750
   34.6917  265.2167
   34.6833  265.2167
   34.5333  265.4667
   34.0333  266.4583
   33.9500  266.8417
   33.8333  266.9917
   33.3750  267.6000
   33.0042  268.1000
   32.2833  268.3111
   32.2833  267.7417
   31.5583  266.6792
   31.5667  266.4333
   31.5722  265.8000
   31.5458  265.2000
   31.5472  265.1250
   31.4667  264.0167
   31.3583  263.7292
   31.4083  263.7167
   31.2056  263.5167
   31.2042  263.3167
   31.2014  263.0000
   31.2000  262.7167
   31.2125  262.4875
   31.3750  262.2875
   31.3903  262.2056
   31.3833  260.5333
   31.1472  259.9000
   30.9833  259.4500
   31.2833  257.8500
   31.6500  256.6667
   32.0333  256.2000
   32.4667  256.0667
   33.0000  256.2000
   33.3833  256.2000
   33.4028  256.3083
   33.6375  256.5125
   33.7750  256.6333
   34.3167  257.2000
   34.5500  257.6750
   34.6000  258.0000
   34.4667  259.2500
   34.8667  259.6833
   35.3333  260.0000
   35.8292  260.0000
   35.8167  260.7722
   35.8167  261.5000
   35.8833  261.9833
   35.9250  262.1167
   35.4917  262.4167
   35.4583  262.9167
   35.4958  263.0500
7. ZHU (Houston)
   31.5667  266.4333
   31.5583  266.6792
   32.2833  267.7417
   32.2833  268.3111
   31.9125  268.6917
   31.7292  269.3417
   31.6500  269.6542
   31.6361  269.9667
   31.6306  270.1500
   31.5500  270.9917
   31.5500  271.0000
   31.5472  271.1000
   31.5167  271.6750
   31.5208  272.1833
   31.2806  272.6000
   30.9667  272.3417
   30.6917  272.2833
   30.6833  272.1917
   30.6333  272.0833
   30.5167  272.0833
   30.2333  271.9750
   30.1528  271.9750
   29.9667  271.9750
   28.1417  272.0000
   27.5628  272.2892
   27.5000  274.0000
   24.0000  274.0000
   24.5000  272.0000
   24.5000  267.0000
   26.0000  264.0833
   26.1833  261.5750
   28.4333  259.6667
   29.8083  257.8500
   31.2833  257.8500
   30.9833  259.4500
   31.1472  259.9000
   31.3833  260.5333
   31.3903  262.2056
   31.3750  262.2875
   31.2125  262.4875
   31.2000  262.7167
   31.2014  263.0000
   31.2042  263.3167
   31.2056  263.5167
   31.4083  263.7167
   31.3583  263.7292
   31.4667  264.0167
   31.5472  265.1250
   31.5458  265.2000
   31.5722  265.8000
   31.5667  266.4333
8. ZID (Indianapolis)
   40.7056  276.5444
   40.5708  276.9333
   40.5542  277.4083
   40.6000  278.2167
   40.2167  278.3667
   39.7500  278.4500
   39.1667  279.5000
   39.1667  279.6000
   38.7667  279.4333
   38.3000  279.3500
   38.0417  279.2833
   37.4708  279.1614
   37.3036  279.2519
   36.7389  276.7778
   36.6500  276.4417
   36.3958  275.4167
   36.1833  274.6000
   36.9000  274.4167
   37.0139  274.2542
   37.1750  274.0292
   37.3000  273.8500
   37.3000  273.5083
   37.2750  272.6028
   37.7250  271.6833
   38.1500  271.7667
   38.4853  271.9056
   38.6514  271.8992
   38.7036  271.8972
   38.8992  271.8897
   39.3861  271.8708
   39.8683  271.8519
   39.9042  271.8167
   40.0000  271.7500
   40.0000  272.0000
   40.0000  272.7972
   40.0000  273.6833
   40.0000  273.9000
   40.3542  274.4750
   40.4667  274.7667
   40.4833  274.8083
   40.6667  275.3167
   40.7750  275.3167
   40.9083  275.3000
   40.7833  276.2542
   40.7375  276.3500
   40.7056  276.5444
9. ZJX (Jacksonville)
   34.0417  281.8083
   33.9500  281.9250
   32.5758  283.6978
   32.2000  283.1833
   32.2500  283.0000
   31.5000  283.0000
   30.0000  283.0000
   30.1083  281.9083
   30.1667  281.2083
   30.2028  280.8153
   30.1375  280.6889
   29.2083  280.3833
   29.0000  279.8167
   29.0000  279.8000
   28.9792  279.7000
   28.9000  279.2667
   28.7278  279.0139
   28.5667  279.0000
   28.3500  278.5000
   28.0333  277.7917
   27.9500  277.6167
   27.9500  277.0583
   28.6333  276.0917
   28.1667  275.5000
   28.1667  275.3500
   28.2333  275.0833
   27.7833  275.0000
   27.5161  274.9525
   27.5000  274.9583
   27.5000  274.0000
   27.5628  272.2892
   28.1417  272.0000
   29.9667  271.9750
   30.1528  271.9750
   30.2333  271.9750
   30.5167  272.0833
   30.6333  272.0833
   30.6833  272.1917
   30.6917  272.2833
   30.9667  272.3417
   31.2806  272.6000
   31.4917  273.0500
   31.7069  274.1083
   31.7625  274.4167
   31.5333  274.6917
   31.6278  275.4625
   31.6750  275.8375
   31.6833  275.9000
   31.6833  276.6583
   31.6833  276.8875
   31.9139  277.2583
   32.1667  277.6667
   32.5625  278.0667
   32.6778  278.1000
   32.9042  278.1583
   33.8889  278.1500
   34.0389  278.2222
   34.2500  278.3208
   34.3944  278.6667
   34.7475  279.5311
   34.8556  279.8528
   34.8500  280.0833
   34.7889  280.1667
   34.4250  280.6667
   34.4444  281.2500
   34.0417  281.8083
10. ZKC (Kansas City)
   40.4500  266.1000
   40.5250  266.5083
   40.7639  268.2583
   40.7833  268.3500
   40.3389  269.4319
   40.0000  270.2500
   40.0000  271.3333
   40.0000  271.7500
   39.9042  271.8167
   39.8683  271.8519
   39.3861  271.8708
   38.8992  271.8897
   38.7036  271.8972
   38.6514  271.8992
   38.4853  271.9056
   38.1500  271.7667
   37.7250  271.6833
   37.7167  271.6833
   37.5333  271.1667
   37.4833  270.9500
   37.1500  269.4333
   37.0667  268.9583
   36.7917  267.1583
   36.7250  266.7500
   36.6250  266.2500
   36.4917  265.5917
   36.4333  265.3167
   36.2875  264.8042
   36.2042  264.6000
   36.0167  264.3875
   35.8708  263.9500
   35.6500  263.5958
   35.4958  263.0500
   35.4583  262.9167
   35.4917  262.4167
   35.9250  262.1167
   35.8833  261.9833
   35.8167  261.5000
   35.8167  260.7722
   35.8292  260.0000
   36.5000  258.2500
   37.0417  257.8167
   37.5000  257.4500
   37.5000  257.4417
   38.2583  258.8417
   38.4083  259.1250
   39.1167  260.5000
   39.4667  261.2000
   39.4750  261.3167
   39.7583  262.5583
   40.0500  263.8333
   40.0667  263.9333
   40.1583  264.4417
   40.4500  266.1000
11. ZLA (Los Angeles)
   37.8833  243.8167
   38.0167  245.8000
   37.8833  246.3500
   37.7167  246.2167
   37.5000  247.0000
   37.5000  247.9417
   37.4125  248.1208
   36.7333  248.3917
   36.4208  248.4958
   35.7667  248.1583
   35.4333  248.0000
   35.4000  248.0000
   35.3833  247.3333
   34.9167  246.3833
   34.6667  246.0000
   33.9444  246.0000
   33.7667  246.0000
   32.9444  246.0000
   32.6833  246.0000
   32.7375  246.3153
   32.1000  246.5000
   32.2500  246.0000
   32.4931  245.1875
   32.7153  245.2847
   32.6861  244.7833
   32.5903  243.5167
   32.5750  243.3000
   32.5342  242.8764
   32.4467  242.6858
   30.7500  239.1667
   34.5000  236.7500
   35.3833  238.7833
   35.5417  239.1500
   35.6167  239.4375
   35.7167  239.7681
   35.7500  239.8833
   35.8931  240.2361
   36.0000  240.4667
   36.1333  240.8333
   36.1333  241.4167
   36.5708  241.4167
   37.2000  241.4167
   37.2000  242.6667
   37.3667  243.0000
   37.4417  242.9250
   37.8833  242.9833
   37.8833  243.8167
12. ZME (Memphis)
   34.6833  265.2167
   34.6917  265.2167
   34.9333  265.0750
   35.0667  265.0000
   35.3833  265.0000
   35.6542  265.0000
   36.0167  264.3875
   36.2042  264.6000
   36.2875  264.8042
   36.4333  265.3167
   36.4917  265.5917
   36.6250  266.2500
   36.7250  266.7500
   36.7917  267.1583
   37.0667  268.9583
   37.1500  269.4333
   37.4833  270.9500
   37.5333  271.1667
   37.7167  271.6833
   37.7250  271.6833
   37.2750  272.6028
   37.3000  273.5167
   37.3000  273.8500
   37.1750  274.0292
   37.0139  274.2542
   36.9000  274.4167
   36.1833  274.6000
   35.6500  274.7167
   35.5167  274.0000
   35.3333  273.0000
   34.3667  273.0000
   34.1000  272.7500
   34.0167  272.4500
   33.8903  272.4333
   33.3167  272.3667
   33.1833  272.1917
   33.0431  272.0139
   32.6972  272.1500
   32.6278  272.0542
   32.3306  271.6528
   31.5167  271.6750
   31.5472  271.1000
   31.5500  270.9917
   31.6306  270.1500
   31.6361  269.9667
   31.6500  269.6542
   31.7292  269.3417
   31.9125  268.6917
   32.2833  268.3111
   33.0042  268.1000
   33.3750  267.6000
   33.8333  266.9917
   33.9500  266.8417
   34.0333  266.4583
   34.5333  265.4667
   34.6833  265.2167
13. ZMA (Miami)
   30.1667  281.2083
   30.1083  281.9083
   30.0000  283.0000
   29.5000  283.0000
   28.1333  283.0000
   27.8333  283.4667
   27.8333  285.1667
   26.9097  285.7092
   26.0000  286.2500
   25.0000  286.8000
   25.0000  290.8833
   23.5000  291.3167
   22.7500  291.5333
   21.1333  292.2500
   19.6500  290.8500
   20.2833  289.7500
   20.4167  289.5000
   20.4167  288.3333
   20.1667  287.0000
   20.0000  286.6667
   22.0000  284.8333
   23.8333  282.2500
   24.0000  282.0000
   24.0000  280.0167
   24.0000  279.0208
   23.9833  276.2833
   24.0000  275.0000
   24.0000  274.0000
   27.5000  274.0000
   27.5000  274.9583
   27.5161  274.9525
   27.7833  275.0000
   28.2333  275.0833
   28.1667  275.3500
   28.1667  275.5000
   28.6333  276.0917
   27.9500  277.0583
   27.9500  277.6167
   28.0333  277.7917
   28.3500  278.5000
   28.5667  279.0000
   28.7278  279.0139
   28.9000  279.2667
   28.9792  279.7000
   29.0000  279.8000
   29.0000  279.8167
   29.2081  280.3767
   30.1375  280.6889
   30.2028  280.8153
   30.1667  281.2083
14. ZMP (Minneapolis)
   46.4500  256.8333
   49.0000  256.8333
   49.0000  259.0000
   49.0000  260.4167
   49.0000  263.2667
   49.0000  264.6667
   49.0000  266.5000
   48.1083  269.9000
   47.8917  270.1750
   47.9083  271.2250
   47.0833  273.0000
   46.8000  274.1167
   46.7500  274.3667
   46.3833  275.4667
   46.2500  275.6417
   45.8167  276.4167
   45.3333  277.5000
   43.9167  277.8144
   43.9167  276.3333
   43.5000  275.0000
   43.3417  275.0000
   43.4708  274.5750
   43.4500  274.2583
   43.5667  273.9333
   43.5667  273.7833
   43.5667  273.0000
   43.9667  272.4583
   44.3333  271.9500
   44.3417  271.7917
   44.1583  270.4333
   44.1542  270.4125
   44.1542  269.7083
   43.5958  269.1458
   43.3667  268.9167
   42.7250  268.2750
   42.7833  267.0000
   42.6667  266.9500
   41.6667  266.5333
   41.4333  266.4917
   41.1667  266.4000
   40.5250  266.5083
   40.4500  266.1000
   40.1583  264.4417
   40.0667  263.9333
   40.0500  263.8333
   39.7583  262.5583
   39.4750  261.3167
   39.4667  261.2000
   39.9833  260.9417
   40.8833  260.9528
   41.7167  260.9750
   42.0000  260.9833
   43.2889  259.9000
   43.7083  258.5917
   44.7000  258.5167
   44.9583  256.8333
   46.4500  256.8333
15. ZNY (New York)
   40.8583  281.8722
   40.6083  282.0667
   40.5500  282.1208
   40.5167  282.1278
   40.4500  282.1250
   40.1569  282.1417
   39.8556  282.1597
   39.7722  282.3828
   39.7792  282.6492
   39.6833  282.6433
   39.5394  282.6444
   39.5100  282.6417
   39.4861  282.7583
   39.4550  282.8644
   39.3850  283.1444
   39.3917  283.6528
   39.5953  283.9583
   39.6450  284.0344
   39.6917  284.0983
   39.8500  284.3500
   39.9664  284.5361
   40.0667  284.6583
   40.0931  284.9722
   40.0861  285.0500
   40.1125  285.1361
   40.1097  285.2167
   39.9833  285.3153
   40.1417  285.9792
   40.2153  286.2861
   40.3319  286.3639
   40.5889  286.5583
   40.8014  286.7083
   40.8583  286.6222
   40.8514  286.2458
   40.8506  286.1319
   40.9681  286.1222
   41.0000  286.1375
   41.2583  286.1042
   41.3111  285.9500
   41.3333  285.9417
   41.4944  285.6556
   41.5278  285.5667
   41.6250  285.3417
   41.7333  285.2333
   41.7583  285.2000
   41.8014  285.0917
   41.9889  284.6583
   42.2833  283.9833
   42.3119  283.9472
   42.3667  283.7667
   42.3333  283.5833
   42.3028  282.9583
   42.1750  282.7639
   41.8750  282.5833
   41.6778  282.4583
   41.5556  282.3667
   41.3083  282.1917
   41.1194  282.0500
   40.8583  281.8722
16. ZOA (Oakland)
   41.3333  237.2556
   41.3333  237.5833
   41.0000  238.7500
   41.0000  238.8667
   41.0000  239.5000
   41.0000  240.5000
   39.9333  242.6333
   39.2167  242.6750
   38.8167  242.6917
   38.7778  242.7083
   38.0833  242.7333
   37.8833  242.9833
   37.4417  242.9250
   37.3667  243.0000
   37.2000  242.6667
   37.2000  241.4167
   36.5708  241.4167
   36.1333  241.4167
   36.1333  240.8333
   36.0000  240.4667
   35.8931  240.2361
   35.8089  240.0256
   35.7500  239.8833
   35.7167  239.7681
   35.6167  239.4375
   35.5417  239.1500
   35.3833  238.7833
   34.5000  236.7500
   35.1500  236.3111
   36.0008  235.7997
   35.7500  234.9750
   35.7533  234.9333
   35.7333  234.9167
   35.5014  234.1653
   35.7083  233.9250
   35.7417  233.9250
   35.7417  233.8917
   36.4592  233.0706
   36.4647  233.0756
   36.4669  233.0667
   37.5006  233.0000
   37.5072  233.0083
   37.5119  233.0000
   38.4606  233.0000
   39.2250  233.0000
   40.0000  233.0000
   40.8333  233.0000
   40.9833  233.1000
   40.2167  234.6667
   40.2167  235.3333
   40.2167  236.1667
   40.3875  236.4667
   41.3333  236.4667
   41.3333  237.2556
17. ZLC (Salt Lake City)
   46.4167  245.0000
   46.5667  245.0000
   46.7500  245.0000
   47.1500  245.0000
   48.4167  245.0000
   49.0000  245.3333
   49.0000  247.0000
   49.0000  250.0000
   49.0000  250.8167
   49.0000  256.8333
   46.4500  256.8333
   44.9583  256.8333
   45.1167  255.7500
   45.2375  254.0000
   44.3167  253.7333
   43.8833  252.7167
   42.9500  252.8667
   42.4167  252.9500
   41.3667  251.7250
   40.8500  250.9000
   40.2333  250.8500
   40.0000  250.8333
   39.7639  250.1833
   39.5833  249.7000
   39.2167  250.0167
   38.9333  250.0167
   38.2000  250.0167
   38.1292  249.8431
   37.8333  249.1167
   37.4125  248.1208
   37.5000  247.9417
   37.5000  247.0000
   37.7167  246.2167
   37.8833  246.3500
   38.0167  245.8000
   37.8833  243.8167
   37.8833  242.9833
   38.0833  242.7333
   38.7778  242.7083
   38.8167  242.6917
   39.2167  242.6750
   39.9333  242.6333
   41.0000  240.5000
   42.3333  240.9000
   42.6667  241.0000
   43.6333  240.7167
   44.1667  241.0667
   44.8500  241.5500
   45.2333  242.0833
   45.3333  242.2500
   45.3333  245.0000
   46.4167  245.0000
18. ZSE (Seattle)
   49.0000  240.0000
   49.0000  244.5000
   49.0000  245.3333
   48.4167  245.0000
   47.1500  245.0000
   46.7500  245.0000
   46.5667  245.0000
   46.4167  245.0000
   45.3333  245.0000
   45.3333  242.2500
   45.2333  242.0833
   44.8500  241.5500
   44.1667  241.0667
   43.6333  240.7167
   42.6667  241.0000
   42.3333  240.9000
   41.0000  240.5000
   41.0000  239.5000
   41.0000  238.8667
   41.0000  238.7500
   41.3333  237.5833
   41.3333  237.2556
   41.3333  236.4667
   40.3875  236.4667
   40.2167  236.1667
   40.2167  235.3333
   40.2167  234.6667
   40.9833  233.1000
   44.0667  233.4000
   45.0000  233.5000
   46.3333  232.9167
   47.5000  232.3833
   48.3333  232.0000
   48.4000  233.0000
   48.5000  235.0000
   48.5000  235.2500
   48.2972  235.9989
   48.2403  236.3214
   48.2306  236.4597
   48.2844  236.7525
   48.4233  236.8858
   48.6472  236.9694
   48.7236  237.1333
   48.8667  237.3403
   48.8667  237.7167
   48.8667  239.3333
   49.0000  239.6667
   49.0000  240.0000
19. ZDC (Washington DC)
   39.5333  281.0000
   39.6389  281.3472
   39.6717  281.4417
   39.7667  281.8000
   39.7889  282.1625
   39.8556  282.1597
   39.7722  282.3828
   39.7792  282.6492
   39.6833  282.6433
   39.5394  282.6444
   39.5100  282.6417
   39.4861  282.7583
   39.4550  282.8644
   39.3850  283.1444
   39.3917  283.6528
   39.5953  283.9583
   39.6450  284.0344
   39.6917  284.0983
   39.8500  284.3500
   39.9664  284.5361
   40.0667  284.6583
   40.0931  284.9722
   40.0861  285.0500
   40.1125  285.1361
   40.1097  285.2167
   39.9833  285.3153
   40.1417  285.9792
   40.2153  286.2861
   39.9333  286.2708
   39.7333  286.7167
   39.6833  286.8333
   39.7333  286.8500
   39.7333  287.1158
   39.3372  287.5000
   39.0967  287.7294
   38.7667  287.5000
   38.3333  287.2000
   38.2833  287.1656
   38.5667  286.4833
   38.7417  286.1500
   38.5417  286.0167
   37.9500  287.0000
   37.2275  287.3333
   36.7011  287.3333
   35.0931  287.3333
   34.9000  287.0500
   34.5528  286.3194
   34.3131  285.9592
   34.2333  286.0500
   32.5758  283.6978
   33.9500  281.9250
   34.0417  281.8083
   34.4444  281.2500
   34.4250  280.6667
   34.7889  280.1667
   34.8500  280.0833
   34.8556  279.8528
   35.1083  280.0000
   35.3833  280.2000
   36.0875  280.2542
   36.1542  280.0500
   36.2000  280.0267
   36.6667  279.7500
   36.6847  279.7406
   37.2556  279.4189
   37.3333  279.3694
   37.3036  279.2519
   37.4708  279.1614
   38.0417  279.2833
   38.3000  279.3500
   38.7667  279.4333
   39.1667  279.6000
   39.1736  280.1056
   39.3708  280.4569
   39.5333  281.0000